shadeep_hyb_concat_40 Performance Metrics 
Epochs to run:500
Last epoch early :500
Early stop epoch early :101
Training_time:1134.4631209373474
Training Loss: [0.36378300189971924, 0.17711125314235687, 0.11727803945541382, 0.10076893121004105, 0.09176628291606903, 0.08725506067276001, 0.0830468162894249, 0.08024574816226959, 0.07730229943990707, 0.07472573220729828, 0.0728398859500885, 0.0716722384095192, 0.06988079845905304, 0.06876435875892639, 0.06804785877466202, 0.06699831038713455, 0.06637419760227203, 0.06425424665212631, 0.06353671103715897, 0.06311557441949844, 0.061254795640707016, 0.06156010925769806, 0.06006092205643654, 0.05939958244562149, 0.058875348418951035, 0.05837138742208481, 0.05789382755756378, 0.056550249457359314, 0.055805739015340805, 0.05513289198279381, 0.05522026866674423, 0.05366174876689911, 0.05373896285891533, 0.054173458367586136, 0.05379084125161171, 0.053102876991033554, 0.052524711936712265, 0.05249138921499252, 0.051910124719142914, 0.051223274320364, 0.051327262073755264, 0.05057201161980629, 0.050020914524793625, 0.049202363938093185, 0.04923311993479729, 0.04891635850071907, 0.04902868717908859, 0.04863302782177925, 0.04849516600370407, 0.04720737785100937, 0.04731932282447815, 0.04645933583378792, 0.04710814356803894, 0.04697345942258835, 0.046080369502305984, 0.04590877145528793, 0.045794565230607986, 0.04539375379681587, 0.044915713369846344, 0.04439779371023178, 0.0451284721493721, 0.04469046741724014, 0.04463372752070427, 0.04378415271639824, 0.04393291845917702, 0.04321840777993202, 0.042838867753744125, 0.04253952577710152, 0.04239528626203537, 0.04200703650712967, 0.04222554340958595, 0.04209298640489578, 0.04180976003408432, 0.041932109743356705, 0.04026608169078827, 0.04064079746603966, 0.04020369425415993, 0.03932007774710655, 0.04064793139696121, 0.039141133427619934, 0.04023946076631546, 0.039290137588977814, 0.03936292231082916, 0.038549259305000305, 0.038306258618831635, 0.03863575682044029, 0.03774423897266388, 0.037818972021341324, 0.03754022344946861, 0.03796616941690445, 0.03711042180657387, 0.03747599571943283, 0.03790867701172829, 0.0373658761382103, 0.036899566650390625, 0.0376962386071682, 0.036248788237571716, 0.03591778874397278, 0.03697873651981354, 0.03583521023392677, 0.035812169313430786]
Training Accuracy: [0.9032377600669861, 0.9415233135223389, 0.9587335586547852, 0.9629808664321899, 0.9656093120574951, 0.9672759771347046, 0.968464732170105, 0.9689964056015015, 0.9697073101997375, 0.9710155129432678, 0.9717622399330139, 0.9723237752914429, 0.9729987978935242, 0.973142147064209, 0.9737036824226379, 0.9742891192436218, 0.9739247560501099, 0.9750537872314453, 0.9751851558685303, 0.9752867221832275, 0.9759976267814636, 0.9761051535606384, 0.9766786098480225, 0.9767981171607971, 0.9771983027458191, 0.9772819876670837, 0.977246105670929, 0.9783572554588318, 0.9780704975128174, 0.9786977171897888, 0.9786559343338013, 0.9791576862335205, 0.9789068102836609, 0.9784886240959167, 0.9788411259651184, 0.9792293906211853, 0.9792234301567078, 0.9796236753463745, 0.9796833992004395, 0.9802927374839783, 0.9798566102981567, 0.9803106188774109, 0.9803165793418884, 0.9807407259941101, 0.9803404808044434, 0.9811708331108093, 0.9809498190879822, 0.9809079766273499, 0.9810394048690796, 0.9816666841506958, 0.9816845655441284, 0.9817861318588257, 0.9815890192985535, 0.9816905856132507, 0.9822043180465698, 0.9820131659507751, 0.9820609092712402, 0.9821505546569824, 0.982425332069397, 0.9826523065567017, 0.9824970364570618, 0.9821505546569824, 0.9826403856277466, 0.982962965965271, 0.9828554391860962, 0.9832019209861755, 0.9834049940109253, 0.9832736253738403, 0.9830943942070007, 0.9834468364715576, 0.9836081266403198, 0.9836618900299072, 0.9836678504943848, 0.9836798310279846, 0.9842771887779236, 0.9842174649238586, 0.9846296310424805, 0.9844503998756409, 0.9840083718299866, 0.9845221042633057, 0.9842054843902588, 0.9845877885818481, 0.9845818281173706, 0.98492830991745, 0.9848387241363525, 0.9848984479904175, 0.9852747917175293, 0.9852628707885742, 0.9852210283279419, 0.9851493239402771, 0.9855555295944214, 0.9854241609573364, 0.985232949256897, 0.9854241609573364, 0.9855316877365112, 0.9853942394256592, 0.9860095381736755, 0.9861887693405151, 0.9855734705924988, 0.9861947298049927, 0.9858243465423584]
Validation Loss: 0.052566517144441605
Validation Accuracy: 0.9796774387359619
Epoch with Maximum Validation Accuracy: 91
Maximum Validation Accuracy: 0.982365608215332
Epoch with Minimum Validation Loss: 50
Minimum Validation Loss: 0.052566517144441605
Test Accuracy: 0.9817204301075269
Precision: 0.9848484848484849
Recall: 0.978494623655914
F1 Score: 0.9816612729234089
ROC AUC Score: 0.9984170424326512
Average Precision: 0.9984495942422918
Confusion Matrix:
[[4580   70]
 [ 100 4550]]

# System Information
CPU Usage Before Prediction: 4.5
Memory Usage Before Prediction: 9018712064
CPU Usage After Prediction: 7.8
Memory Usage After Prediction: 9011118080
Prediction Time: 0.7071824073791504 seconds
Validation Loss: 0.052566517144441605
Validation Accuracy: 0.9796774387359619
Validation Precision: 0.981853532080363
Validation Recall: 0.9774193548387097
Validation F1 Score: 0.979631425800194
Validation ROC AUC Score: 0.9980506416926813
Validation Average Precision Score: 0.9980901210420021
Validation Confusion Matrix:
[[4566   84]
 [ 105 4545]]
