shadeep_hyb_maximum_401 Performance Metrics 
Epochs to run:500
Last epoch early :500
Early stop epoch early :120
Training_time:1462.2142279148102
Training Loss: [0.17978431284427643, 0.13131928443908691, 0.11573228985071182, 0.10904815793037415, 0.10501819849014282, 0.10000181943178177, 0.09599252045154572, 0.09411144256591797, 0.09110846370458603, 0.09022118151187897, 0.08821738511323929, 0.08680771291255951, 0.08518761396408081, 0.08212287724018097, 0.08055978268384933, 0.0768447071313858, 0.07503662258386612, 0.07253281027078629, 0.07037637382745743, 0.0687391459941864, 0.06757984310388565, 0.06714558601379395, 0.06524551659822464, 0.06399954110383987, 0.06347490847110748, 0.06193032115697861, 0.06205444037914276, 0.06209515407681465, 0.06056493520736694, 0.06103649362921715, 0.05943731963634491, 0.0590265654027462, 0.05830572918057442, 0.05801210552453995, 0.05748043209314346, 0.05754387378692627, 0.05678835138678551, 0.055647753179073334, 0.055822744965553284, 0.05530466511845589, 0.054297249764204025, 0.05429487302899361, 0.054314497858285904, 0.05364374443888664, 0.05281197652220726, 0.05257894843816757, 0.05257333442568779, 0.05221239849925041, 0.05223718658089638, 0.05132874846458435, 0.051462896168231964, 0.05154138803482056, 0.051166776567697525, 0.05083522945642471, 0.04957097768783569, 0.04907478019595146, 0.04961583763360977, 0.04879157617688179, 0.048748549073934555, 0.04783979058265686, 0.04756837338209152, 0.04819100722670555, 0.04740500450134277, 0.047672078013420105, 0.046917304396629333, 0.04727797955274582, 0.04697636514902115, 0.045871518552303314, 0.0472000353038311, 0.04574789106845856, 0.046093057841062546, 0.0449737049639225, 0.04491414874792099, 0.04477447643876076, 0.04495424032211304, 0.04409173130989075, 0.044905226677656174, 0.043684691190719604, 0.0440027192234993, 0.04386628791689873, 0.04316253215074539, 0.04310879483819008, 0.04342435300350189, 0.04278234392404556, 0.04201560467481613, 0.04282354563474655, 0.041885972023010254, 0.04161703959107399, 0.0416874997317791, 0.04166466370224953, 0.04137991741299629, 0.040398262441158295, 0.04056008160114288, 0.040235161781311035, 0.04126514866948128, 0.04115552827715874, 0.04063517972826958, 0.040046922862529755, 0.0391116738319397, 0.03987026587128639, 0.03892413154244423, 0.039346370846033096, 0.03829241171479225, 0.03911073878407478, 0.03857305273413658, 0.03823413699865341, 0.03907988965511322, 0.03904777020215988, 0.03901020064949989, 0.038028039038181305, 0.038295548409223557, 0.03693557158112526, 0.03789020702242851, 0.03668925166130066, 0.03700888529419899, 0.03764002025127411, 0.03776506707072258, 0.037028614431619644, 0.03606753051280975, 0.03753577917814255]
Training Accuracy: [0.9205137491226196, 0.9448865056037903, 0.9523655772209167, 0.9554241299629211, 0.9570190906524658, 0.9594205617904663, 0.960382342338562, 0.960991621017456, 0.9622341990470886, 0.9623715877532959, 0.9633273482322693, 0.9637753963470459, 0.9649103879928589, 0.966559112071991, 0.9673835039138794, 0.9689844846725464, 0.9694563746452332, 0.9708840847015381, 0.9720489978790283, 0.9727001190185547, 0.9730525612831116, 0.9736559391021729, 0.9742353558540344, 0.9748446941375732, 0.9747729897499084, 0.9755256772041321, 0.9759020209312439, 0.9756451845169067, 0.9764217734336853, 0.9760931730270386, 0.9765412211418152, 0.9765053987503052, 0.9770967960357666, 0.9774312973022461, 0.9772282242774963, 0.9776642918586731, 0.9783572554588318, 0.9784229397773743, 0.978225827217102, 0.9786857962608337, 0.9787156581878662, 0.9788052439689636, 0.9790441989898682, 0.9794504046440125, 0.9798148274421692, 0.9794265031814575, 0.979725182056427, 0.9799103736877441, 0.9799103736877441, 0.9802449345588684, 0.9801732301712036, 0.9799163937568665, 0.980286717414856, 0.9803823232650757, 0.980728805065155, 0.9810513854026794, 0.9808542132377625, 0.9810752868652344, 0.9815471768379211, 0.9816427826881409, 0.9815232753753662, 0.9816905856132507, 0.9817562699317932, 0.9818578362464905, 0.9820191264152527, 0.9819414615631104, 0.9821624755859375, 0.982461154460907, 0.9819594025611877, 0.9825925827026367, 0.9822879433631897, 0.9828255772590637, 0.9825686812400818, 0.9830286502838135, 0.9828853011131287, 0.9832855463027954, 0.982670247554779, 0.9832616448402405, 0.9829809069633484, 0.9833094477653503, 0.9836260676383972, 0.9833871126174927, 0.9832736253738403, 0.9837634563446045, 0.9838769435882568, 0.983464777469635, 0.9840501546859741, 0.9841158986091614, 0.9838650226593018, 0.9845938086509705, 0.984307050704956, 0.9847550988197327, 0.9846236705780029, 0.984695315361023, 0.9841935634613037, 0.9844026565551758, 0.984599769115448, 0.9847431182861328, 0.9852867126464844, 0.9850178956985474, 0.9854599833488464, 0.9850896000862122, 0.9855615496635437, 0.9851852059364319, 0.9856511354446411, 0.9855973720550537, 0.985370397567749, 0.9852986931800842, 0.9851075410842896, 0.9852449297904968, 0.985430121421814, 0.9861529469490051, 0.9856033325195312, 0.9861350059509277, 0.9861111044883728, 0.9860334396362305, 0.9855555295944214, 0.9861409664154053, 0.9864755272865295, 0.9859617948532104]
Validation Loss: 0.05815169960260391
Validation Accuracy: 0.977957010269165
Epoch with Maximum Validation Accuracy: 111
Maximum Validation Accuracy: 0.9810752868652344
Epoch with Minimum Validation Loss: 69
Minimum Validation Loss: 0.05815169960260391
Test Accuracy: 0.9804301075268818
Precision: 0.986922406277245
Recall: 0.973763440860215
F1 Score: 0.9802987659666595
ROC AUC Score: 0.9979113885998382
Average Precision: 0.9980319425222448
Confusion Matrix:
[[4590   60]
 [ 122 4528]]

# System Information
CPU Usage Before Prediction: 3.9
Memory Usage Before Prediction: 7660023808
CPU Usage After Prediction: 4.7
Memory Usage After Prediction: 7656665088
Prediction Time: 0.6289324760437012 seconds
Validation Loss: 0.05815169960260391
Validation Accuracy: 0.977957010269165
Validation Precision: 0.9853679842760428
Validation Recall: 0.9703225806451613
Validation F1 Score: 0.9777874092534401
Validation ROC AUC Score: 0.9978434038617181
Validation Average Precision Score: 0.9979760372065418
Validation Confusion Matrix:
[[4583   67]
 [ 138 4512]]
