shadeep_hyb_wgtav_401 Performance Metrics 
Epochs to run:500
Last epoch early :500
Early stop epoch early :130
Training_time:1894.5977506637573
Training Loss: [0.16927079856395721, 0.10586454719305038, 0.09449802339076996, 0.08777863532304764, 0.08323045819997787, 0.08068882673978806, 0.07860485464334488, 0.07980615645647049, 0.08157345652580261, 0.07241770625114441, 0.07006701827049255, 0.06909314543008804, 0.06834171712398529, 0.06684437394142151, 0.06689969450235367, 0.0658557265996933, 0.06428515166044235, 0.06411962956190109, 0.0637015774846077, 0.06312458962202072, 0.06196228414773941, 0.06186402216553688, 0.060704734176397324, 0.06058869510889053, 0.059849467128515244, 0.059836018830537796, 0.05976724252104759, 0.058368757367134094, 0.057052455842494965, 0.057600367814302444, 0.05699944496154785, 0.05676232650876045, 0.0563410222530365, 0.05576551705598831, 0.054002922028303146, 0.05436869338154793, 0.05348649248480797, 0.05323501303792, 0.05307065322995186, 0.05308808013796806, 0.0524350181221962, 0.05257998779416084, 0.0514506921172142, 0.05102870240807533, 0.05180978402495384, 0.05071602389216423, 0.04973377287387848, 0.05034654587507248, 0.049989908933639526, 0.05004539340734482, 0.0490807481110096, 0.049126774072647095, 0.04857790097594261, 0.04867638275027275, 0.04844876751303673, 0.04788605868816376, 0.04660357907414436, 0.04659795016050339, 0.04685426130890846, 0.046018801629543304, 0.046576227992773056, 0.0459882877767086, 0.04651938006281853, 0.04504547640681267, 0.04475698992609978, 0.045265134423971176, 0.04492874816060066, 0.044077709317207336, 0.043954018503427505, 0.04361419752240181, 0.04344823583960533, 0.04260087013244629, 0.04353756457567215, 0.04284387454390526, 0.04229465499520302, 0.042985208332538605, 0.041813984513282776, 0.04178363457322121, 0.04141592979431152, 0.04187832027673721, 0.04118955135345459, 0.040119607001543045, 0.04076884314417839, 0.04018959030508995, 0.03990893438458443, 0.038977593183517456, 0.03939008340239525, 0.03994721174240112, 0.03988882899284363, 0.03943611681461334, 0.03946457803249359, 0.03903500735759735, 0.03915850445628166, 0.0396353080868721, 0.03846634924411774, 0.038233432918787, 0.03849302977323532, 0.03799638897180557, 0.038681257516145706, 0.03750990703701973, 0.037407003343105316, 0.037488773465156555, 0.03753238171339035, 0.03731139004230499, 0.0374932661652565, 0.036180540919303894, 0.03639085963368416, 0.036035507917404175, 0.03582419082522392, 0.036550093442201614, 0.03581016883254051, 0.03578389436006546, 0.036248140037059784, 0.03596852347254753, 0.03561127185821533, 0.0350615456700325, 0.03527461737394333, 0.03494425117969513, 0.03480206057429314, 0.03515544906258583, 0.03427637368440628, 0.03443342074751854, 0.0337819829583168, 0.0334143191576004, 0.03313218429684639, 0.03301099315285683, 0.03404482826590538, 0.03379525616765022, 0.03362574800848961, 0.03321141377091408]
Training Accuracy: [0.9240979552268982, 0.9559677243232727, 0.9615591168403625, 0.9641457796096802, 0.9668936729431152, 0.9679509997367859, 0.96836918592453, 0.9687036871910095, 0.9666248559951782, 0.97114098072052, 0.9720848202705383, 0.9721027612686157, 0.9719952344894409, 0.9731600880622864, 0.9729151725769043, 0.9736559391021729, 0.9746415615081787, 0.9739904403686523, 0.9745399951934814, 0.9748446941375732, 0.9751791954040527, 0.9751075506210327, 0.9755017757415771, 0.9755914211273193, 0.9761170744895935, 0.9759140014648438, 0.9759079813957214, 0.9766726493835449, 0.976881742477417, 0.97661292552948, 0.9771684408187866, 0.9770489931106567, 0.9772759675979614, 0.9774014353752136, 0.9783393144607544, 0.9781361818313599, 0.9781839847564697, 0.9781780242919922, 0.9785304665565491, 0.9783333539962769, 0.9788112044334412, 0.9787395596504211, 0.979396641254425, 0.9795699119567871, 0.979629635810852, 0.9794504046440125, 0.9799880385398865, 0.9796714186668396, 0.9800000190734863, 0.9799820780754089, 0.9804360866546631, 0.980191171169281, 0.9806869626045227, 0.9806092977523804, 0.9807586669921875, 0.9807049036026001, 0.9812006950378418, 0.9812126755714417, 0.9812544584274292, 0.9815471768379211, 0.9816427826881409, 0.9818936586380005, 0.9818219542503357, 0.9819952249526978, 0.9823058247566223, 0.9824312925338745, 0.9823834896087646, 0.9826045632362366, 0.9826164841651917, 0.9829570055007935, 0.9828255772590637, 0.9833393096923828, 0.9830585718154907, 0.9829689264297485, 0.9830824136734009, 0.9831123352050781, 0.9836678504943848, 0.9833871126174927, 0.983536422252655, 0.9836618900299072, 0.984002411365509, 0.984271228313446, 0.9838829040527344, 0.9842592477798462, 0.984330952167511, 0.9843488931655884, 0.9846236705780029, 0.9841278195381165, 0.9847072958946228, 0.9844802618026733, 0.9846116900444031, 0.9848446846008301, 0.9846714735031128, 0.9844802618026733, 0.9847013354301453, 0.9847790002822876, 0.9849880337715149, 0.984868586063385, 0.9847311973571777, 0.9852568507194519, 0.9854181408882141, 0.9850716590881348, 0.985430121421814, 0.9855973720550537, 0.9852807521820068, 0.9858841300010681, 0.9859139919281006, 0.9859438538551331, 0.9860872030258179, 0.9854838848114014, 0.9857527017593384, 0.9859617948532104, 0.9855675101280212, 0.9859259128570557, 0.9861051440238953, 0.9862006902694702, 0.9863261580467224, 0.9865890145301819, 0.9865471720695496, 0.9860155582427979, 0.9865113496780396, 0.986541211605072, 0.9865531921386719, 0.986810028553009, 0.9869713187217712, 0.9870728850364685, 0.9869354963302612, 0.9871206879615784, 0.9868578314781189, 0.9870728850364685]
Validation Loss: 0.05225793272256851
Validation Accuracy: 0.9801075458526611
Epoch with Maximum Validation Accuracy: 89
Maximum Validation Accuracy: 0.9808602333068848
Epoch with Minimum Validation Loss: 79
Minimum Validation Loss: 0.05225793272256851
Test Accuracy: 0.98
Precision: 0.9841648590021692
Recall: 0.9756989247311828
F1 Score: 0.9799136069114471
ROC AUC Score: 0.9980982078853046
Average Precision: 0.998183732047094
Confusion Matrix:
[[4577   73]
 [ 113 4537]]

# System Information
CPU Usage Before Prediction: 5.4
Memory Usage Before Prediction: 7701880832
CPU Usage After Prediction: 7.7
Memory Usage After Prediction: 7691911168
Prediction Time: 0.7411468029022217 seconds
Validation Loss: 0.05225793272256851
Validation Accuracy: 0.9801075458526611
Validation Precision: 0.9869138495092693
Validation Recall: 0.9731182795698925
Validation F1 Score: 0.9799675148890091
Validation ROC AUC Score: 0.998208139669326
Validation Average Precision Score: 0.998315445706765
Validation Confusion Matrix:
[[4590   60]
 [ 125 4525]]
