shadeep_hyb_maximum_40 Performance Metrics 
Epochs to run:500
Last epoch early :500
Early stop epoch early :125
Training_time:2295.4174399375916
Training Loss: [0.1636117696762085, 0.10343488305807114, 0.0917905867099762, 0.0840553417801857, 0.08025631308555603, 0.07636547833681107, 0.07484613358974457, 0.07262884825468063, 0.07107546180486679, 0.07009557634592056, 0.0676494911313057, 0.06675935536623001, 0.06571023911237717, 0.06579344719648361, 0.06326735019683838, 0.0632457435131073, 0.06178893521428108, 0.061114851385354996, 0.06026671826839447, 0.06037811189889908, 0.05963512510061264, 0.0591093972325325, 0.05893890559673309, 0.05772775411605835, 0.05745083466172218, 0.056542571634054184, 0.05602308735251427, 0.055771227926015854, 0.055473651736974716, 0.05518702417612076, 0.05471125617623329, 0.05380016565322876, 0.05326619744300842, 0.05287918448448181, 0.05125084146857262, 0.05211706832051277, 0.052080925554037094, 0.05073809251189232, 0.0507391057908535, 0.04967636242508888, 0.0496240071952343, 0.04911793768405914, 0.049252044409513474, 0.04856027662754059, 0.047812748700380325, 0.04820387437939644, 0.04753904417157173, 0.04692384973168373, 0.04657990112900734, 0.04642614722251892, 0.04653044790029526, 0.04610765352845192, 0.04592067748308182, 0.04533710330724716, 0.044707756489515305, 0.04525739327073097, 0.043885067105293274, 0.044597554951906204, 0.04304761439561844, 0.043315235525369644, 0.04329114034771919, 0.042372893542051315, 0.04225635901093483, 0.04260903224349022, 0.0415160171687603, 0.04149831086397171, 0.04212943837046623, 0.042418863624334335, 0.04140571504831314, 0.041282180696725845, 0.04002021625638008, 0.03957780823111534, 0.03911098837852478, 0.039960820227861404, 0.039174336940050125, 0.03875492140650749, 0.04147613048553467, 0.040794674307107925, 0.03882942721247673, 0.038884468376636505, 0.03764762356877327, 0.0382855124771595, 0.037064146250486374, 0.03789340704679489, 0.03854512795805931, 0.03776825591921806, 0.037376102060079575, 0.03656693547964096, 0.03729824349284172, 0.03735862672328949, 0.036988239735364914, 0.037364546209573746, 0.03572526201605797, 0.03607553243637085, 0.03678184002637863, 0.03574236482381821, 0.03554860129952431, 0.03569257631897926, 0.034516483545303345, 0.035354480147361755, 0.035845089703798294, 0.03452472388744354, 0.03465821221470833, 0.03433508798480034, 0.034754011780023575, 0.033854421228170395, 0.03328876569867134, 0.03411109372973442, 0.033139266073703766, 0.03376913443207741, 0.0329991951584816, 0.03321719914674759, 0.03209351748228073, 0.032549481838941574, 0.033089108765125275, 0.032626017928123474, 0.032106783241033554, 0.03154122456908226, 0.03225874900817871, 0.03228247910737991, 0.03194914013147354, 0.03234202787280083, 0.031512461602687836, 0.03164304792881012, 0.031199967488646507]
Training Accuracy: [0.9261887669563293, 0.9574970006942749, 0.9626105427742004, 0.966230571269989, 0.9680107235908508, 0.9695937633514404, 0.9702090620994568, 0.9709259271621704, 0.9716606736183167, 0.9723715782165527, 0.9729151725769043, 0.9734647274017334, 0.9736021757125854, 0.9738829135894775, 0.9747909307479858, 0.9743906855583191, 0.9756272435188293, 0.9755973815917969, 0.9761290550231934, 0.9760155081748962, 0.9762544631958008, 0.9764097929000854, 0.9768159985542297, 0.977514922618866, 0.9771206974983215, 0.9778315424919128, 0.9779689311981201, 0.977783739566803, 0.9781003594398499, 0.9777957201004028, 0.9782377481460571, 0.9785245060920715, 0.9789127707481384, 0.979056179523468, 0.9795758724212646, 0.9795280694961548, 0.97945636510849, 0.9799044132232666, 0.9798566102981567, 0.9800537824630737, 0.9805436134338379, 0.9804002642631531, 0.9804360866546631, 0.980555534362793, 0.9811170697212219, 0.9813022613525391, 0.9815113544464111, 0.9815113544464111, 0.9814874529838562, 0.9816905856132507, 0.981654703617096, 0.9818040728569031, 0.9821027517318726, 0.9822700023651123, 0.9823417067527771, 0.9824073910713196, 0.982962965965271, 0.9825627207756042, 0.9831361770629883, 0.9830764532089233, 0.9831780195236206, 0.9835484027862549, 0.9836499691009521, 0.983536422252655, 0.984026312828064, 0.9841876029968262, 0.9836857914924622, 0.9836081266403198, 0.983757495880127, 0.9840680956840515, 0.9844623804092407, 0.9845340251922607, 0.984635591506958, 0.9845041632652283, 0.9847431182861328, 0.9847311973571777, 0.9841517210006714, 0.9844564199447632, 0.985232949256897, 0.9849940538406372, 0.9853584170341492, 0.9852210283279419, 0.9857885241508484, 0.9850119352340698, 0.9850239157676697, 0.9854599833488464, 0.9855914115905762, 0.9855436086654663, 0.9854480028152466, 0.9853404760360718, 0.9857527017593384, 0.9858661890029907, 0.9863919019699097, 0.9861828088760376, 0.9862664341926575, 0.9863201975822449, 0.986577033996582, 0.9862664341926575, 0.9868040680885315, 0.9866368174552917, 0.9866129159927368, 0.9869593977928162, 0.9864635467529297, 0.9865949749946594, 0.9868398904800415, 0.9871863722801208, 0.9873596429824829, 0.9866965413093567, 0.9871087074279785, 0.9869533777236938, 0.9873476624488831, 0.9873058795928955, 0.9874910116195679, 0.9873656034469604, 0.9874312877655029, 0.9877240061759949, 0.9878912568092346, 0.9879032373428345, 0.9878196120262146, 0.9876344203948975, 0.9878613948822021, 0.9877598285675049, 0.987909197807312, 0.9879510402679443, 0.9883034825325012]
Validation Loss: 0.05383501574397087
Validation Accuracy: 0.981290340423584
Epoch with Maximum Validation Accuracy: 103
Maximum Validation Accuracy: 0.9816129207611084
Epoch with Minimum Validation Loss: 74
Minimum Validation Loss: 0.05383501574397087
Test Accuracy: 0.9822580645161291
Precision: 0.9844458846403111
Recall: 0.98
F1 Score: 0.9822179114128677
ROC AUC Score: 0.99818617181177
Average Precision: 0.9982611141806268
Confusion Matrix:
[[4578   72]
 [  93 4557]]

# System Information
CPU Usage Before Prediction: 7.0
Memory Usage Before Prediction: 9257058304
CPU Usage After Prediction: 6.1
Memory Usage After Prediction: 9244856320
Prediction Time: 1.2517015933990479 seconds
Validation Loss: 0.05383501574397087
Validation Accuracy: 0.981290340423584
Validation Precision: 0.9844155844155844
Validation Recall: 0.9780645161290322
Validation F1 Score: 0.9812297734627832
Validation ROC AUC Score: 0.9979743322927506
Validation Average Precision Score: 0.9979184112908921
Validation Confusion Matrix:
[[4578   72]
 [ 102 4548]]
