shadeep_hyb_minimum_40 Performance Metrics 
Epochs to run:500
Last epoch early :500
Early stop epoch early :132
Training_time:1492.9186961650848
Training Loss: [0.41477370262145996, 0.22392338514328003, 0.18782579898834229, 0.15828831493854523, 0.11017510294914246, 0.09641473740339279, 0.0901995599269867, 0.08754228800535202, 0.08425412327051163, 0.08094115555286407, 0.07812076061964035, 0.07701024413108826, 0.07299364358186722, 0.07205899059772491, 0.07076362520456314, 0.06958334892988205, 0.06835141777992249, 0.06748652458190918, 0.06696741282939911, 0.06574507802724838, 0.06514587253332138, 0.06464516371488571, 0.06362035870552063, 0.06353338062763214, 0.06264086067676544, 0.06178762763738632, 0.060676850378513336, 0.060986652970314026, 0.06002561002969742, 0.05964319780468941, 0.058823440223932266, 0.058294814079999924, 0.05764647200703621, 0.05778507515788078, 0.05819816142320633, 0.05647428333759308, 0.05658324062824249, 0.05648347735404968, 0.05464881658554077, 0.05560161918401718, 0.05429958924651146, 0.05505743250250816, 0.05360725522041321, 0.05321972072124481, 0.05262145772576332, 0.05237074941396713, 0.05241551622748375, 0.05123472586274147, 0.05143653228878975, 0.05170627683401108, 0.05102178454399109, 0.050488315522670746, 0.04945754259824753, 0.04928378015756607, 0.048746589571237564, 0.04865282028913498, 0.048411961644887924, 0.047922924160957336, 0.04808541014790535, 0.047945186495780945, 0.046750254929065704, 0.04664595425128937, 0.045834314078092575, 0.04672930762171745, 0.04674097150564194, 0.046087414026260376, 0.04551418125629425, 0.04623190313577652, 0.044434357434511185, 0.045823123306035995, 0.0445353239774704, 0.045033201575279236, 0.0439036563038826, 0.04404241591691971, 0.043764859437942505, 0.04285399988293648, 0.042954254895448685, 0.04378155246376991, 0.043076954782009125, 0.04298282042145729, 0.04214989393949509, 0.04371773451566696, 0.04267433285713196, 0.0416036918759346, 0.041115593165159225, 0.04158264398574829, 0.040296126157045364, 0.041525375097990036, 0.04023225978016853, 0.04002480208873749, 0.04026417434215546, 0.03970576450228691, 0.039678238332271576, 0.03989212587475777, 0.03914262726902962, 0.03887991979718208, 0.03954290598630905, 0.039188358932733536, 0.0390024296939373, 0.039296336472034454, 0.03871983662247658, 0.03871757909655571, 0.037969768047332764, 0.037850458174943924, 0.03727377951145172, 0.03803040459752083, 0.03673292696475983, 0.03793545812368393, 0.036665286868810654, 0.03726811707019806, 0.036770522594451904, 0.036344099789857864, 0.03568262234330177, 0.035965632647275925, 0.03652545064687729, 0.035379309207201004, 0.035046085715293884, 0.03481478989124298, 0.034694042056798935, 0.03540937602519989, 0.034933701157569885, 0.034744445234537125, 0.033556047827005386, 0.03378956764936447, 0.034534554928541183, 0.033654410392045975, 0.03354256600141525, 0.03407300263643265, 0.03254689276218414, 0.03357887268066406, 0.033277228474617004, 0.03261438384652138]
Training Accuracy: [0.8974611759185791, 0.92580646276474, 0.9327419400215149, 0.9452807903289795, 0.9591875672340393, 0.9644982218742371, 0.9663202166557312, 0.9673954844474792, 0.9683213829994202, 0.9689844846725464, 0.9696654677391052, 0.9705137610435486, 0.9719593524932861, 0.97247314453125, 0.972837507724762, 0.9732138514518738, 0.9740681052207947, 0.9741875529289246, 0.9743966460227966, 0.9747909307479858, 0.9748864769935608, 0.9753763675689697, 0.9754301309585571, 0.9756989479064941, 0.9759916663169861, 0.9761409759521484, 0.9767981171607971, 0.9767920970916748, 0.9771027565002441, 0.9770549535751343, 0.9775508046150208, 0.9774372577667236, 0.9781242609024048, 0.9776583313941956, 0.9775508046150208, 0.9781183004379272, 0.9781242609024048, 0.9783810973167419, 0.9789068102836609, 0.9788769483566284, 0.9792532920837402, 0.979115903377533, 0.9791457653045654, 0.979396641254425, 0.9794802665710449, 0.9794982075691223, 0.9796355962753296, 0.9802389740943909, 0.9800716638565063, 0.9799641370773315, 0.9800657033920288, 0.9804241061210632, 0.9808064699172974, 0.9811230301856995, 0.9809438586235046, 0.9813918471336365, 0.9809378981590271, 0.9814695119857788, 0.9814635515213013, 0.9814097881317139, 0.9821445345878601, 0.9820489883422852, 0.9822819828987122, 0.9822341799736023, 0.9823954701423645, 0.9822043180465698, 0.9825686812400818, 0.9825925827026367, 0.982962965965271, 0.9824910163879395, 0.9826284050941467, 0.9826105237007141, 0.9829151630401611, 0.9834468364715576, 0.9832736253738403, 0.9832855463027954, 0.9834946393966675, 0.9833871126174927, 0.9835185408592224, 0.9833811521530151, 0.983805239200592, 0.9833572506904602, 0.983500599861145, 0.9839844703674316, 0.9841457605361938, 0.9840680956840515, 0.9845280647277832, 0.9841517210006714, 0.9844623804092407, 0.9846774339675903, 0.9843548536300659, 0.9846415519714355, 0.984635591506958, 0.984832763671875, 0.9850239157676697, 0.9849581718444824, 0.98492830991745, 0.9848626255989075, 0.9853584170341492, 0.9847790002822876, 0.9851672649383545, 0.984868586063385, 0.9854002594947815, 0.9853225946426392, 0.9855256676673889, 0.9854719042778015, 0.986039400100708, 0.9854958057403564, 0.9856809973716736, 0.9857407212257385, 0.9857885241508484, 0.9858124256134033, 0.9863381385803223, 0.9861708283424377, 0.9857168197631836, 0.9862484931945801, 0.9863022565841675, 0.9866546988487244, 0.9867204427719116, 0.9862903356552124, 0.9866188764572144, 0.9865232706069946, 0.9870489835739136, 0.9870011806488037, 0.9864755272865295, 0.9871087074279785, 0.9867861270904541, 0.986833930015564, 0.9873178005218506, 0.9873297214508057, 0.987078845500946, 0.9873237609863281]
Validation Loss: 0.05583661422133446
Validation Accuracy: 0.9790322780609131
Epoch with Maximum Validation Accuracy: 128
Maximum Validation Accuracy: 0.9811828136444092
Epoch with Minimum Validation Loss: 81
Minimum Validation Loss: 0.05583661422133446
Test Accuracy: 0.9823655913978495
Precision: 0.9873967840069535
Recall: 0.9772043010752688
F1 Score: 0.982274102896671
ROC AUC Score: 0.9984688865764827
Average Precision: 0.9985421094094613
Confusion Matrix:
[[4592   58]
 [ 106 4544]]

# System Information
CPU Usage Before Prediction: 4.6
Memory Usage Before Prediction: 9112596480
CPU Usage After Prediction: 5.3
Memory Usage After Prediction: 9113804800
Prediction Time: 0.6264240741729736 seconds
Validation Loss: 0.05583661422133446
Validation Accuracy: 0.9790322780609131
Validation Precision: 0.9875246224556796
Validation Recall: 0.9703225806451613
Validation F1 Score: 0.9788480312398308
Validation ROC AUC Score: 0.9979213550699503
Validation Average Precision Score: 0.9980371133155754
Validation Confusion Matrix:
[[4593   57]
 [ 138 4512]]
