shadeep_hyb_subtract_401 Performance Metrics 
Epochs to run:500
Last epoch early :500
Early stop epoch early :130
Training_time:6565.382077693939
Training Loss: [0.19645962119102478, 0.12705381214618683, 0.10821941494941711, 0.09748873859643936, 0.0914580374956131, 0.08634418249130249, 0.08313309401273727, 0.08058061450719833, 0.07854536175727844, 0.0768313854932785, 0.07519659399986267, 0.07334203273057938, 0.0710550844669342, 0.07007235288619995, 0.06779222935438156, 0.0670691430568695, 0.06631644070148468, 0.06471859663724899, 0.06487201899290085, 0.06380634754896164, 0.06228433549404144, 0.06306769698858261, 0.06204121932387352, 0.0604117326438427, 0.060121018439531326, 0.060897715389728546, 0.05955539643764496, 0.058484192937612534, 0.05802800878882408, 0.05786891281604767, 0.05674489215016365, 0.05720340088009834, 0.05563425272703171, 0.055697135627269745, 0.055746354162693024, 0.05443587899208069, 0.05433191731572151, 0.054689131677150726, 0.053757812827825546, 0.05393250659108162, 0.052955228835344315, 0.05315425619482994, 0.05242137238383293, 0.052966777235269547, 0.05161631107330322, 0.05179779231548309, 0.05112657696008682, 0.0521746426820755, 0.05030810832977295, 0.05126287043094635, 0.05093175545334816, 0.05013350397348404, 0.04961438477039337, 0.049696777015924454, 0.04862568527460098, 0.047962818294763565, 0.04826704040169716, 0.047428011894226074, 0.04746570810675621, 0.046817827969789505, 0.04760438948869705, 0.04633454605937004, 0.04539082944393158, 0.0455772764980793, 0.04502439871430397, 0.04462422430515289, 0.04448921978473663, 0.04336928948760033, 0.04375278204679489, 0.043768297880887985, 0.04392872005701065, 0.04317164793610573, 0.04318605735898018, 0.04233529418706894, 0.042401671409606934, 0.042840827256441116, 0.04155202582478523, 0.04141676053404808, 0.04185330867767334, 0.04162917286157608, 0.04230763390660286, 0.040581393986940384, 0.041367996484041214, 0.04060463234782219, 0.040208056569099426, 0.04054275155067444, 0.040729109197854996, 0.04000266268849373, 0.03830583766102791, 0.03874422609806061, 0.038705386221408844, 0.03839968144893646, 0.039560411125421524, 0.03866790235042572, 0.03918902575969696, 0.03827400878071785, 0.038889747112989426, 0.038281362503767014, 0.038257624953985214, 0.03748220205307007, 0.036672648042440414, 0.03727186471223831, 0.0373331755399704, 0.03845040872693062, 0.03710606321692467, 0.03757553920149803, 0.03636673092842102, 0.036402106285095215, 0.03591037169098854, 0.03555900603532791, 0.037519101053476334, 0.036876071244478226, 0.03637153282761574, 0.0364430770277977, 0.03500651195645332, 0.03620835766196251, 0.035399600863456726, 0.03489518165588379, 0.03462053835391998, 0.0349479615688324, 0.03473144397139549, 0.03558347746729851, 0.034668032079935074, 0.0347459651529789, 0.03484814986586571, 0.034711115062236786, 0.03308069705963135, 0.03357916697859764, 0.0334324836730957, 0.033210352063179016]
Training Accuracy: [0.9127658009529114, 0.9459617733955383, 0.9553763270378113, 0.9603106379508972, 0.9630107283592224, 0.965364396572113, 0.9669294953346252, 0.9675567746162415, 0.9689426422119141, 0.9695758819580078, 0.9698446989059448, 0.9709557890892029, 0.9717682003974915, 0.9721863865852356, 0.9733990430831909, 0.9734289050102234, 0.9736260175704956, 0.974205493927002, 0.9740262627601624, 0.9750896096229553, 0.9755436182022095, 0.9748864769935608, 0.9749581813812256, 0.9758243560791016, 0.9764097929000854, 0.9757885336875916, 0.9764277338981628, 0.9768996238708496, 0.9771804213523865, 0.9771744608879089, 0.9775806665420532, 0.9774671196937561, 0.9779211282730103, 0.9777001142501831, 0.9778016805648804, 0.9785662889480591, 0.9787514805793762, 0.9785125255584717, 0.978859007358551, 0.9786439538002014, 0.9789724946022034, 0.9789546132087708, 0.9794504046440125, 0.9790501594543457, 0.9801314473152161, 0.979689359664917, 0.9799163937568665, 0.9794982075691223, 0.9797490835189819, 0.9798864722251892, 0.9798506498336792, 0.9803643822669983, 0.9803225994110107, 0.9804719090461731, 0.9809617400169373, 0.9814695119857788, 0.9809737205505371, 0.9816069006919861, 0.981630802154541, 0.9813380837440491, 0.9810513854026794, 0.9819294810295105, 0.9819892644882202, 0.9822043180465698, 0.9825627207756042, 0.9827060699462891, 0.9826822280883789, 0.9829092025756836, 0.9829510450363159, 0.9829868674278259, 0.982729971408844, 0.982927143573761, 0.9832258224487305, 0.9834288954734802, 0.9834587574005127, 0.9833273887634277, 0.9835424423217773, 0.9838769435882568, 0.9838411211967468, 0.983769416809082, 0.9836678504943848, 0.9842652082443237, 0.9836081266403198, 0.9839785099029541, 0.9846057295799255, 0.9843369126319885, 0.9841995239257812, 0.9843727350234985, 0.9853285551071167, 0.985232949256897, 0.9848924875259399, 0.9852568507194519, 0.9849223494529724, 0.9850239157676697, 0.9845519661903381, 0.9853046536445618, 0.9847849607467651, 0.9850656986236572, 0.9850417971611023, 0.9852688312530518, 0.9855555295944214, 0.9855376482009888, 0.9855675101280212, 0.9853823184967041, 0.9855854511260986, 0.9853225946426392, 0.9856690764427185, 0.985967755317688, 0.9861887693405151, 0.9864157438278198, 0.9854181408882141, 0.9859259128570557, 0.9859318733215332, 0.9858064651489258, 0.9865471720695496, 0.9862544536590576, 0.9865292906761169, 0.986541211605072, 0.9867144823074341, 0.9864097833633423, 0.9869115948677063, 0.9863440990447998, 0.9867264032363892, 0.986833930015564, 0.9864396452903748, 0.9866248369216919, 0.9873476624488831, 0.9870250821113586, 0.9871445894241333, 0.9871445894241333]
Validation Loss: 0.05360502377152443
Validation Accuracy: 0.9797849655151367
Epoch with Maximum Validation Accuracy: 120
Maximum Validation Accuracy: 0.9816129207611084
Epoch with Minimum Validation Loss: 79
Minimum Validation Loss: 0.05360502377152443
Test Accuracy: 0.9801075268817204
Precision: 0.9824940566241626
Recall: 0.9776344086021506
F1 Score: 0.9800582084725665
ROC AUC Score: 0.998127390449763
Average Precision: 0.9981714311468592
Confusion Matrix:
[[4569   81]
 [ 104 4546]]

# System Information
CPU Usage Before Prediction: 5.8
Memory Usage Before Prediction: 8774270976
CPU Usage After Prediction: 6.1
Memory Usage After Prediction: 8772206592
Prediction Time: 1.379791259765625 seconds
Validation Loss: 0.05360502377152443
Validation Accuracy: 0.9797849655151367
Validation Precision: 0.983318890814558
Validation Recall: 0.9761290322580645
Validation F1 Score: 0.979710770559033
Validation ROC AUC Score: 0.9981302809573361
Validation Average Precision Score: 0.9982653500226581
Validation Confusion Matrix:
[[4573   77]
 [ 111 4539]]
